118
119
117
119
118
119
118
120
119
117
120
117
119
119
116
120
118
120
116
120
118
117
119
118
120
120
116
119
117
119
117
121
119
118
119
118
117
119
118
120
117
120
119
117
120
120
118
119
120
119
119
118
119
119
117
115
121
120
118
119
117
116
117
118
119
118
118
116
118
117
119
119
119
119
116
120
121
122
117
117
119
120
119
117
121
117
119
117
119
120
119
119
116
119
119
120
117
119
116
117
118
121
118
120
118
118
119
115
119
119
116
118
117
118
118
117
117
117
120
117
119
118
118
117
117
118
118
116
117
118
114
119
118
116
118
117
119
119
119
117
118
119
116
116
118
119
119
119
118
117
117
115
119
119
117
117
118
120
117
118
118
119
117
118
116
118
120
119
119
118
117
119
121
119
119
116
117
121
117
120
117
118
119
116
117
119
118
119
118
118
118
119
116
118
116
119
116
117
116
118
119
117
119
119
119
117
119
118
118
118
117
120
116
117
118
117
120
119
120
118
117
117
118
120
118
117
119
121
119
117
116
117
118
119
119
119
119
119
119
118
118
119
119
119
119
116
117
119
117
118
118
116
119
116
119
119
120
119
118
119
117
118
119
120
117
118
117
118
117
120
117
117
118
118
118
119
118
115
119
117
117
116
117
116
115
119
120
114
119
120
118
119
118
117
118
118
118
119
119
116
118
119
118
116
119
120
117
119
117
117
119
119
120
116
118
120
120
120
119
117
119
118
119
119
118
116
118
119
119
118
119
118
118
117
117
117
118
119
117
119
118
117
117
119
117
116
118
119
117
119
117
118
119
119
117
119
117
117
116
117
117
119
117
117
115
117
116
117
118
116
118
116
117
118
119
119
119
116
120
118
119
118
120
117
119
117
119
118
119
118
119
118
119
116
119
118
120
117
118
116
118
116
118
118
117
119
120
115
116
119
118
117
117
118
119
118
121
115
117
117
119
119
118
118
120
118
116
118
116
117
120
118
118
121
117
118
118
119
118
116
119
119
117
119
117
119
119
119
116
119
117
119
118
120
117
118
119
122
118
118
119
122
119
119
118
119
119
119
119
116
120
116
118
120
118
116
120
116
118
120
119
119
120
117
120
117
121
118
118
116
120
117
120
119
115
118
118
119
118
119
117
119
116
119
119
115
119
117
120
117
118
118
116
119
116
120
119
118
118
118
118
118
119
120
118
118
119
117
119
117
118
119
118
120
118
121
118
116
118
119
119
119
117
118
118
117
117
118
119
119
118
119
118
117
118
118
117
117
118
117
119
118
118
116
119
121
119
118
116
118
116
119
118
120
118
119
116
120
117
119
118
118
119
117
117
119
119
116
119
119
118
121
118
119
118
118
120
118
118
117
118
117
119
116
119
117
117
119
117
115
119
120
120
121
119
117
119
118
120
118
120
119
120
117
119
117
119
116
117
119
119
118
121
119
118
119
119
120
121
116
120
115
119
117
118
117
120
120
119
118
119
116
119
118
116
119
119
118
116
117
121
119
119
118
117
117
117
118
117
117
117
115
119
118
121
116
119
117
118
118
119
116
118
119
118
115
118
116
118
117
118
119
117
118
120
121
119
118
117
119
116
120
117
118
118
118
118
119
119
119
121
119
118
117
117
119
120
116
118
121
118
118
119
119
117
122
118
119
116
118
117
118
114
118
118
119
119
118
116
116
119
116
117
118
117
120
119
118
116
118
120
118
119
118
119
119
119
118
120
117
117
117
119
119
117
118
118
119
118
117
117
119
118
119
121
119
117
119
118
121
116
119
118
119
115
118
116
118
119
117
118
116
116
118
116
112
110
111
113
106
95
95
89
99
104
111
112
114
113
113
111
110
111
113
110
112
111
112
110
112
110
113
113
112
111
111
111
111
114
115
112
111
112
112
114
113
112
112
111
112
111
112
112
112
112
112
114
112
108
107
112
114
111
117
117
119
119
119
116
116
119
117
117
119
116
116
115
115
119
115
110
48
52
115
113
63
46
60
104
76
46
49
79
109
61
48
60
107
88
49
51
83
108
64
48
62
106
94
49
50
98
111
69
45
58
105
106
53
46
54
70
64
47
47
65
77
52
47
59
79
62
45
50
72
67
47
51
71
83
51
47
62
95
65
43
61
100
89
47
52
92
103
59
47
77
111
83
45
57
100
106
56
48
60
101
89
47
53
108
113
53
49
82
116
85
45
54
102
107
51
45
83
118
85
47
57
111
102
47
49
87
107
47
43
66
105
60
42
56
101
82
45
53
94
97
47
50
89
101
48
47
71
101
64
49
59
106
91
44
53
91
96
45
45
67
95
61
47
60
100
72
49
58
108
104
47
51
91
106
64
45
61
89
62
48
59
94
93
51
52
59
62
51
50
51
62
67
61
64
103
118
118
118
118
118
118
118
120
116
115
116
114
119
118
116
119
116
118
117
118
119
117
117
119
116
117
119
119
117
117
119
118
117
119
117
120
120
120
118
120
119
120
119
118
117
117
118
117
117
120
120
120
119
119
117
119
116
117
118
116
118
117
119
117
118
116
117
118
120
118
119
119
117
118
117
120
117
117
117
118
119
118
117
118
117
120
117
117
119
122
118
116
118
117
116
119
120
118
118
117
118
118
118
117
120
119
118
117
117
116
120
118
120
119
117
117
121
118
121
119
118
119
117
120
121
119
119
119
118
118
119
120
119
119
118
117
118
118
119
119
118
118
119
117
118
120
118
118
119
118
118
118
121
119
119
119
119
120
117
119
118
117
119
118
119
118
118
118
117
118
115
117
119
119
117
119
119
117
118
119
120
119
119
120
121
119
119
118
117
119
118
119
116
119
116
118
118
118
116
120
118
117
122
121
119
119
118
117
119
120
119
118
117
118
118
117
116
120
118
117
116
117
118
118
116
117
117
117
120
119
117
118
117
118
120
119
119
119
118
120
119
117
115
120
117
118
117
119
117
121
117
118
117
118
119
119
117
120
118
118
116
117
119
117
120
116
118
118
119
117
118
119
118
118
119
117
118
118
118
118
116
117
119
120
119
119
118
117
117
117
120
118
118
117
116
118
118
118
119
120
116
119
119
117
120
116
117
118
118
116
115
119
117
117
117
119
118
120
118
116
116
118
120
118
117
119
117
121
116
121
119
118
116
117
118
116
119
117
118
119
114
115
118
116
119
118
118
118
117
119
117
116
118
121
119
120
120
120
120
116
119
119
119
118
118
118
119
118
118
119
117
117
119
118
118
118
119
115
119
118
116
118
117
120
116
119
118
119
118
118
119
118
117
120
116
117
117
119
119
119
119
117
118
118
122
119
119
121
118
121
117
119
119
119
120
123
119
117
117
116
119
117
120
120
119
119
116
119
118
117
119
119
121
118
118
119
119
119
120
120
118
118
117
117
120
120
116
120
119
118
117
118
118
119
118
118
118
118
118
118
119
115
120
117
119
118
116
119
117
117
120
118
117
118
118
119
117
120
119
117
119
117
119
118
120
119
119
119
120
116
116
118
119
118
118
116
121
118
116
120
120
117
119
120
116
117
118
119
119
118
119
121
117
118
117
118
116
115
118
115
118
117
118
117
117
119
117
117
118
117
119
119
117
117
120
118
118
119
120
120
118
118
117
119
118
115
120
121
120
121
117
118
118
118
117
118
118
116
116
118
118
117
117
117
118
118
119
119
120
118
117
119
122
116
118
119
118
119
119
118
118
119
117
119
117
119
120
118
119
118
118
118
119
117
118
115
116
118
118
119
117
119
118
118
118
117
116
118
117
117
119
117
119
117
119
118
118
119
118
119
117
117
117
118
119
118
118
119
119
119
118
117
118
117
118
118
120
118
119
118
118
120
119
119
120
118
118
118
122
117
119
120
119
117
120
120
119
121
119
118
119
117
115
118
121
117
119
119
118
118
119
116
119
119
119
119
116
117
118
118
118
118
116
121
118
119
119
119
119
117
118
119
120
119
117
117
119
118
115
119
121
118
118
118
118
120
117
120
119
119
119
117
118
119
119
121
119
119
118
116
120
118
120
119
119
120
121
119
116
117
117
118
117
118
119
120
117
119
122
119
118
119
119
118
119
118
118
117
119
118
118
117
119
116
118
119
117
117
119
119
117
119
117
117
121
118
119
120
120
119
117
118
118
120
118
120
117
119
118
117
118
117
118
117
118
118
118
118
118
117
118
119
118
117
119
116
118
117
119
119
120
117
116
116
119
118
118
117
115
120
119
118
118
117
118
119
119
118
118
117
118
115
117
117
116
119
121
119
117
119
119
116
119
118
118
118
118
116
118
118
117
118
118
119
115
121
121
119
119
118
116
119
117
117
115
118
119
117
119
120
117
120
116
117
118
118
117
115
117
120
115
117
115
120
116
118
119
116
117
116
118
119
119
117
120
117
118
119
118
120
119
119
118
116
117
117
116
118
120
117
121
116
117
119
118
118
116
119
117
119
118
116
117
117
118
118
117
117
116
120
122
119
118
116
120
117
117
117
118
118
120
116
118
118
117
119
118
119
119
120
117
117
121
116
118
116
117
116
117
117
117
117
121
118
117
117
119
117
117
117
116
118
120
115
118
119
119
117
117
122
118
117
116
118
118
119
117
119
119
115
115
118
118
118
117
119
119
119
118
117
115
119
115
119
118
117
119
113
116
118
116
119
117
118
119
117
117
116
117
117
116
116
114
118
119
116
119
117
120
114
117
117
119
117
115
116
118
117
118
117
117
116
117
115
118
119
115
116
117
117
118
118
117
116
117
117
118
117
118
116
116
118
120
117
118
119
116
116
118
119
119
116
116
118
119
116
116
119
120
118
118
119
119
119
117
118
117
116
119
117
117
116
119
117
120
115
119
116
117
118
120
120
117
117
116
117
119
117
118
118
118
117
118
118
116
119
119
117
117
119
118
117
115
115
117
118
119
118
115
115
117
118
119
118
117
117
119
118
115
117
119
117
117
117
118
116
118
118
119
119
118
116
115
117
118
118
117
118
120
118
117
115
117
119
118
117
119
118
117
117
116
119
118
117
117
117
120
119
117
117
116
118
118
117
118
118
118
118
118
119
118
117
120
119
119
119
118
118
118
118
117
118
119
117
116
116
116
119
119
118
117
118
118
119
118
118
118
120
117
119
116
119
117
117
121
118
118
119
118
116
118
119
116
120
118
116
119
117
119
116
117
118
116
117
120
118
117
118
118
117
119
118
117
117
118
118
117
120
117
119
117
121
119
116
117
117
118
118
119
116
117
116
119
119
119
117
119
117
121
117
120
116
118
117
118
118
116
120
116
116
118
118
119
117
117
115
118
118
118
119
118
119
117
119
117
119
117
119
119
117
119
118
118
117
118
120
117
119
115
119
116
118
120
122
120
118
118
117
119
119
120
118
119
121
117
118
120
118
118
119
116
117
117
116
116
116
116
118
117
119
117
120
120
118
120
117
121
119
117
120
117
117
117
116
119
117
118
117
118
119
117
116
117
119
120
117
118
117
120
118
118
117
116
118
119
118
121
118
120
121
119
119
119
117
120
118
117
119
121
118
118
116
116
119
118
119
118
119
119
118
118
116
116
118
117
118
119
116
118
116
119
118
120
117
120
117
118
117
120
117
117
116
119
118
116
117
118
115
116
117
118
119
116
115
116
118
117
118
119
118
118
119
118
116
120
119
118
118
117
117
117
120
118
115
116
118
120
116
117
117
118
118
117
117
119
119
121
117
116
118
118
116
118
118
118
118
116
118
120
118
119
119
120
118
116
116
119
118
119
119
118
116
121
119
118
119
120
117
118
119
119
119
118
120
118
117
119
118
118
116
118
121
117
119
118
118
119
119
118
119
116
118
118
115
119
118
117
118
118
119
116
117
117
117
118
116
118
119
117
117
116
116
119
118
115
119
115
118
120
117
120
120
119
116
118
117
119
119
117
115
118
117
120
119
119
121
119
119
120
116
119
117
116
115
119
117
116
119
119
118
119
116
118
117
118
118
119
118
118
120
116
119
117
119
118
118
120
117
117
119
118
119
117
119
119
118
117
117
119
120
117
117
115
119
119
117
118
118
118
118
118
116
117
119
118
117
120
120
118
116
118
118
120
119
117
120
121
118
116
118
116
118
118
119
119
119
121
118
118
117
119
119
118
115
116
117
119
118
119
118
117
117
119
119
117
116
119
117
120
119
117
116
116
116
116
117
118
116
117
115
120
118
117
117
117
116
119
114
119
117
118
119
118
119
120
117
118
119
118
119
117
116
117
82
75
75
88
87
74
69
66
63
57
59
54
48
51
57
68
109
114
116
113
115
114
112
115
116
114
114
117
112
118
117
116
115
117
115
115
116
116
116
119
117
116
117
116
115
116
116
119
113
113
111
112
112
110
111
112
113
111
112
110
111
110
112
110
112
111
112
112
113
113
114
116
117
117
116
115
112
114
118
117
117
116
118
119
117
116
116
117
116
117
118
117
118
116
117
118
115
117
119
117
116
119
118
116
117
118
117
118
118
115
117
115
117
116
119
118
116
118
115
114
117
116
117
119
118
116
118
119
117
116
118
118
117
119
116
117
115
118
116
119
118
116
120
117
119
117
116
117
119
119
118
120
117
119
119
118
121
115
116
117
120
118
117
115
119
117
117
118
119
117
116
117
118
118
120
116
119
116
119
119
117
119
121
120
115
115
119
117
118
115
118
121
118
116
119
118
120
119
119
116
117
116
118
115
114
115
111
111
112
109
111
111
110
113
110
112
112
112
114
115
111
111
111
112
109
112
112
111
112
113
112
113
114
114
114
113
113
114
112
112
114
111
113
111
109
110
110
111
110
111
111
112
110
112
113
112
114
112
111
108
112
108
110
112
110
111
109
111
112
113
110
110
110
114
109
113
110
114
100
47
56
111
115
110
48
47
75
107
70
46
48
70
105
63
47
48
77
104
60
46
49
100
110
75
47
59
107
114
75
46
60
108
113
68
49
59
107
113
62
48
64
114
115
67
48
82
116
113
49
45
78
110
78
48
49
102
113
61
47
78
117
114
51
48
94
113
114
49
50
100
118
109
52
52
107
115
113
47
58
115
115
95
46
71
115
114
65
45
99
115
113
57
49
92
116
99
49
53
108
114
79
47
60
108
110
63
49
67
110
112
48
48
98
116
109
46
53
102
112
76
47
54
99
107
61
47
60
111
113
61
49
67
106
103
49
49
97
113
90
48
56
106
110
62
46
64
114
112
50
50
82
114
104
49
48
97
112
76
44
52
92
105
77
46
49
99
111
73
47
54
97
113
73
47
62
116
117
86
46
67
118
115
75
48
77
116
114
64
51
55
61
53
49
48
45
45
50
63
87
116
117
118
116
115
115
116
116
117
116
117
115
116
115
118
116
117
117
118
116
117
118
118
115
119
116
118
117
115
117
117
118
117
118
117
119
118
119
118
116
116
118
116
116
115
117
120
119
122
119
117
116
115
119
117
115
116
116
115
118
118
115
116
116
117
119
117
119
117
117
116
117
116
119
117
118
116
118
116
117
119
115
117
117
115
117
118
117
117
117
116
119
118
116
115
117
118
116
119
117
118
117
117
115
116
117
118
115
117
117
117
117
118
118
116
117
119
116
117
116
118
118
118
113
117
118
118
117
119
117
118
117
117
119
117
117
116
118
118
116
115
119
116
115
118
115
119
114
116
117
117
118
119
120
119
117
117
116
116
118
117
118
115
119
115
118
118
116
119
116
117
115
119
117
117
117
118
121
116
115
117
116
117
117
120
114
117
119
117
117
118
116
116
116
115
115
117
115
116
115
116
116
115
118
115
117
118
114
118
117
116
116
116
118
116
117
118
119
117
117
117
118
115
118
119
117
116
118
117
119
118
117
118
116
116
116
116
118
116
114
116
118
117
119
118
118
116
118
116
120
117
118
116
116
116
118
116
117
118
116
119
117
117
119
119
117
118
115
118
120
118
118
118
118
117
116
121
119
117
117
121
117
116
119
119
118
118
118
119
119
117
116
118
116
120
119
118
117
115
116
117
118
116
117
120
119
117
119
118
117
116
117
118
119
118
118
116
117
117
116
120
118
118
119
121
117
119
118
118
118
118
117
118
118
119
117
116
117
115
119
118
116
119
119
119
118
120
116
119
118
118
119
119
118
116
120
119
115
116
119
117
119
119
116
118
116
118
119
121
117
118
116
120
118
119
117
115
117
117
116
118
116
118
119
119
115
120
119
119
118
120
119
119
119
122
117
120
116
118
119
119
118
117
115
118
117
119
120
118
119
120
120
117
117
117
119
117
117
118
118
118
118
119
118
119
118
119
116
117
116
116
119
117
117
117
118
119
118
118
117
118
116
117
117
118
117
117
116
118
117
118
117
118
118
117
119
118
119
117
116
116
116
117
120
118
117
116
118
116
118
116
120
113
117
118
120
119
117
118
118
119
118
117
116
115
118
117
116
117
116
117
118
117
119
118
118
117
114
116
118
118
115
116
118
117
114
117
117
118
118
116
116
118
117
118
119
117
116
117
117
115
119
119
117
117
118
119
119
118
118
117
117
117
117
119
120
118
119
116
120
121
119
119
117
121
118
121
120
116
118
119
118
121
117
118
120
118
119
119
118
118
117
119
116
119
118
118
116
117
116
117
117
117
120
119
118
119
117
118
117
117
120
117
118
116
116
118
117
116
117
118
117
117
116
120
117
119
115
119
116
116
118
120
117
116
118
118
117
120
118
117
116
116
115
117
117
118
117
114
120
116
115
119
118
117
115
117
118
121
115
117
117
114
118
116
118
119
117
117
117
119
118
119
118
116
117
115
116
117
119
119
119
120
117
119
117
119
120
118
118
115
117
119
116
116
117
120
115
118
119
119
117
117
116
120
117
116
119
117
119
118
116
119
118
120
119
117
118
119
117
118
117
119
119
119
118
116
116
117
116
116
116
115
117
119
117
117
118
117
119
117
121
118
120
118
118
119
118
119
119
119
116
116
119
118
120
118
119
119
117
118
117
120
118
117
119
119
117
117
120
116
117
118
117
115
120
119
118
117
117
117
117
116
117
117
116
118
118
118
118
117
117
115
115
119
117
119
118
118
118
116
117
117
117
118
118
118
118
116
114
116
120
119
115
119
118
117
118
117
117
116
115
117
118
118
117
116
117
118
118
115
118
115
118
118
117
118
118
117
117
118
116
118
116
119
116
116
118
119
119
119
118
118
118
116
121
116
117
120
119
118
119
117
118
117
119
117
117
118
117
117
118
119
119
116
118
118
117
119
119
118
120
120
119
118
114
115
117
117
120
116
117
118
119
117
121
118
116
117
116
117
118
119
119
117
118
117
118
119
118
117
118
117
116
118
116
119
117
119
119
119
120
117
118
118
119
117
118
119
118
118
119
118
116
116
116
120
117
116
117
120
116
116
118
118
119
119
119
116
117
116
121
117
117
118
118
120
119
120
118
117
116
118
118
118
118
117
117
116
118
118
119
116
119
119
118
118
117
118
119
116
119
120
118
117
116
117
117
118
117
116
117
118
117
116
119
117
116
120
118
120
118
117
117
119
116
118
119
118
118
118
117
121
119
117
117
119
117
116
119
119
121
119
118
118
