------------------New---------------------
------------------New---------------------
------------------New---------------------
120
120
119
120
120
121
117
119
119
120
119
121
119
116
119
118
121
121
119
120
118
120
118
119
119
121
121
119
121
119
123
119
119
121
121
119
121
120
120
118
120
121
122
122
121
121
119
121
120
119
119
118
119
121
119
120
119
119
120
120
118
121
121
118
120
120
119
119
118
119
118
118
120
118
118
119
119
119
119
119
------------------New---------------------
118
117
119
120
119
119
116
118
119
119
120
118
116
117
117
122
119
120
119
119
120
119
120
115
117
119
118
118
119
118
------------------New---------------------
119
120
117
117
118
------------------New---------------------
------------------New---------------------
------------------New---------------------
------------------New---------------------
------------------New---------------------
------------------New---------------------
99
105
114
111
106
105
101
98
113
107
118
140
109
107
109
109
106
106
107
108
107
109
108
105
105
102
106
109
107
109
108
105
108
111
109
105
112
101
107
103
102
110
106
101
107
101
------------------New---------------------
------------------New---------------------
------------------New---------------------
106
104
99
105
106
104
104
106
99
100
97
103
106
110
104
107
101
108
107
102
107
106
108
103
115
106
103
106
105
105
108
101
98
109
103
101
109
111
107
105
110
109
105
109
107
114
107
103
102
102
103
108
102
111
104
105
106
111
105
106
105
109
109
103
108
108
104
105
106
109
108
109
106
106
107
107
105
100
105
103
97
107
114
102
108
109
104
110
105
106
105
103
101
101
105
102
103
102
101
101
104
106
104
103
105
109
100
103
106
105
106
107
107
103
106
107
103
105
104
109
108
110
103
101
103
108
101
101
103
106
103
102
103
103
104
102
103
107
103
101
107
105
103
104
103
106
109
103
108
102
107
106
104
103
108
108
103
105
110
106
107
99
107
108
105
106
107
106
110
106
103
115
106
113
100
103
105
107
109
107
103
110
107
104
105
99
99
100
107
104
110
104
106
109
109
110
108
102
105
109
203
230
226
220
209
202
196
198
197
190
183
173
162
159
149
151
154
149
148
155
176
190
215
231
116
107
104
108
104
109
109
105
101
114
107
105
107
107
111
106
105
112
105
107
104
105
108
106
108
105
98
107
107
104
103
107
109
112
113
107
106
105
104
104
109
109
131
162
178
179
173
77
65
52
42
37
36
36
46
176
197
172
108
61
51
49
44
44
54
174
117
194
191
175
139
86
90
76
81
84
69
161
124
81
52
55
137
157
125
113
88
89
156
178
164
127
89
90
87
84
84
131
232
220
178
76
70
65
72
65
85
78
87
73
92
95
82
89
85
89
92
102
81
89
87
95
97
104
89
104
95
98
103
103
98
103
96
97
90
108
109
100
107
90
97
87
108
94
102
94
94
98
104
86
94
104
101
98
93
106
92
92
95
87
85
88
92
112
87
101
95
95
99
105
100
92
105
93
94
100
106
101
97
103
97
97
103
102
95
98
99
95
107
91
103
106
95
108
91
107
93
101
95
105
89
239
300
287
267
250
235
228
215
212
208
197
183
175
159
148
148
147
144
146
149
145
144
145
147
145
148
146
148
149
149
153
155
158
153
149
147
145
144
155
172
164
162
153
146
142
142
143
140
147
147
139
123
118
117
117
118
116
115
116
117
116
117
116
118
118
115
120
118
121
121
120
117
119
119
118
120
118
118
118
117
116
115
120
119
115
116
118
116
118
118
116
116
117
118
118
116
118
116
119
118
117
118
117
119
118
117
117
119
115
117
115
115
115
116
114
115
114
114
117
117
113
114
116
114
116
116
116
------------------New---------------------
------------------New---------------------
------------------New---------------------
117
116
116
114
119
117
117
114
115
116
119
116
115
119
117
114
117
117
119
115
113
115
118
116
118
115
118
115
116
115
117
116
116
116
116
116
115
116
115
118
115
114
118
116
117
117
117
117
115
115
113
117
117
117
116
116
117
113
115
116
115
116
116
------------------New---------------------
119
116
115
116
116
117
115
116
117
118
116
117
114
116
115
117
119
114
116
115
118
117
117
117
117
116
114
117
115
115
117
117
116
117
119
117
116
114
117
116
118
117
119
118
116
116
116
116
116
118
114
115
116
117
118
116
117
115
116
116
117
115
116
118
116
------------------New---------------------
117
117
112
116
118
119
116
118
117
116
115
117
117
118
119
118
116
114
119
116
118
117
115
117
117
117
118
116
117
116
116
116
118
117
116
------------------New---------------------
------------------New---------------------
------------------New---------------------
------------------New---------------------
------------------New---------------------
------------------New---------------------
------------------New---------------------
------------------New---------------------
------------------New---------------------
------------------New---------------------
------------------New---------------------
119
114
117
117
116
117
116
117
118
116
117
115
114
116
116
116
116
112
115
118
114
114
116
116
116
115
116
117
114
115
116
115
117
117
117
118
116
117
115
114
115
118
117
116
117
115
115
114
117
115
115
116
116
116
114
117
116
116
116
115
116
115
118
117
117
115
119
115
116
116
116
------------------New---------------------
100
105
106
103
107
108
99
95
109
110
104
112
101
104
103
103
94
93
102
102
101
107
102
106
103
105
107
99
108
100
99
101
104
100
101
110
97
105
114
107
106
101
107
108
106
100
101
105
95
99
105
106
101
107
107
100
101
109
103
95
100
109
94
105
94
105
98
103
103
108
106
112
95
100
104
98
115
105
102
110
106
109
102
104
103
108
98
97
104
105
106
99
114
103
105
106
111
95
107
111
98
97
103
106
102
92
100
105
105
103
98
104
104
105
102
99
120
102
102
101
100
103
102
96
107
96
105
104
107
110
103
103
102
107
103
108
103
109
100
103
104
102
98
107
102
106
103
98
104
99
99
107
99
112
98
95
102
108
100
106
101
105
103
95
96
101
106
102
102
104
94
110
99
103
109
101
105
105
105
101
105
103
111
105
103
101
106
110
104
102
99
104
99
101
108
95
98
99
106
108
102
110
105
102
101
95
103
110
106
102
99
108
98
93
105
91
105
100
108
110
102
97
102
104
104
99
105
102
103
106
101
100
108
104
100
97
104
105
101
105
98
102
105
106
104
93
94
103
104
105
100
99
105
110
103
95
105
98
97
104
109
93
97
100
107
97
104
95
101
104
103
102
109
103
104
100
96
104
103
102
104
101
106
98
97
97
106
97
108
98
104
99
109
103
105
96
105
104
102
103
101
99
103
100
104
104
113
110
104
107
101
103
104
98
105
112
109
99
106
100
107
101
107
97
104
102
103
104
102
89
95
110
98
111
97
101
106
112
107
112
103
100
100
109
100
94
99
102
94
95
97
103
101
101
98
101
99
101
106
99
98
110
93
104
92
105
100
102
106
105
100
100
96
104
104
101
104
106
106
103
106
99
103
105
100
106
106
102
101
99
102
101
105
99
99
104
105
104
118
105
119
107
83
50
44
140
149
149
136
146
144
137
113
97
136
135
140
132
134
95
108
123
127
128
117
105
108
120
47
78
41
48
131
131
130
122
118
117
119
125
122
122
126
125
116
117
119
118
111
108
107
115
118
48
37
38
40
40
38
41
41
41
42
41
12
52
58
61
129
132
123
116
118
140
79
130
130
114
148
121
84
100
81
93
78
86
99
92
81
84
86
81
90
96
96
97
82
79
78
88
83
89
86
83
89
90
93
92
94
101
85
75
94
93
79
89
95
94
95
85
94
93
88
95
93
82
82
87
99
83
96
83
96
96
87
92
96
91
95
91
88
93
95
88
77
90
87
90
75
90
88
96
85
82
91
86
83
97
88
99
82
96
101
87
92
97
88
95
86
97
83
90
89
87
103
81
104
85
92
93
90
84
82
91
88
80
87
85
86
85
91
95
90
87
90
97
91
89
90
------------------New---------------------
------------------New---------------------
------------------New---------------------
------------------New---------------------
------------------New---------------------
------------------New---------------------
------------------New---------------------
69
83
67
70
62
76
51
61
66
76
65
75
81
74
72
75
76
64
78
70
62
78
66
88
73
74
70
60
77
63
80
63
73
79
78
72
73
77
84
77
60
72
69
80
------------------New---------------------
68
68
62
78
59
87
69
75
70
66
80
68
66
68
66
92
86
66
68
67
74
78
60
74
77
72
70
76
65
83
71
71
79
87
65
73
67
85
66
70
------------------New---------------------
------------------New---------------------
------------------New---------------------
------------------New---------------------
------------------New---------------------
------------------New---------------------
116
115
116
116
118
118
118
114
117
117
116
118
117
116
118
116
115
118
119
117
113
115
116
116
116
116
115
116
116
119
116
117
119
114
118
115
114
115
117
115
116
118
118
114
116
117
114
116
115
115
116
115
115
119
115
114
117
119
117
118
------------------New---------------------
115
118
120
117
115
118
114
118
113
116
117
117
118
115
117
118
117
116
117
118
116
115
116
116
118
119
117
117
118
119
118
117
118
117
118
117
118
117
116
117
117
117
116
118
120
115
115
119
117
116
117
119
118
116
118
117
116
117
118
118
117
116
116
117
117
116
118
116
117
116
116
119
119
118
116
117
118
117
115
118
116
117
116
116
117
116
117
117
114
117
116
117
120
115
117
115
119
115
115
119
115
116
116
